-1.01802971178036
-1.01389012074878
-1.00407206752493
-1.00302079598192
-1.00285500510958
-1.00444317667215
-1.00614250407281
-1.00685053820571
-1.00764834971137
-1.00848046486555
-1.01091410109439
-1.0127942523624
-1.01400808801465
-1.0116599574423
-1.00610877749648
-1.00238936626677
-1.00323054787754
-1.00649315789628
-1.00800133963051
-1.00802042594533
-1.00942810022168
-1.01000050236299
-1.0112433036554
-1.01330223860835
-1.01503676092061
-1.01323752911945
-1.0035191390461
-1.00371049600615
-1.00449057762874
-1.00673423114778
-1.00796359584361
-1.00847697021281
-1.00947005270341
-1.01109828536621
-1.01268967527288
-1.01570655921124
-1.01647332475734
-1.01280397233815
-1.00571930542438
-1.00465729049977
-1.00470430376981
-1.00636698499276
-1.00686926184613
-1.00772894285737
-1.00846655095585
-1.00809684556963
-1.00922940879536
-1.01141187954386
-1.01365964179907
-1.01175579424974
-1.0058089157972
-1.00260909552218
-1.0050593527634
-1.00600362887915
-1.00680775879884
-1.0079228267692
-1.01032076689952
-1.01178595072607
-1.01322479160488
-1.01701299263468
-1.01686860331559
-1.01327978842422
-1.00508997948324
-1.00280096445733
-1.00574918175916
-1.00739276008896
-1.00821571733828
-1.00902238255213
-1.00977600752351
-1.00900912085484
-1.00964853112593
-1.01442349028198
-1.01366688729643
-1.01060307229145
-1.00692893391743
-1.00547472319603
-1.00566897839496
-1.00815995192133
-1.01124067699668
-1.01241984352387
-1.01247089160522
-1.01268023180281
-1.01292386530656
-1.01614965525999
-1.0189201756113
-1.01651064533815
-1.01029903307803
-1.00344927887774
-1.00693188480745
-1.00909164647021
-1.01072045210656
-1.01141724157279
-1.01220836479832
-1.0130999044503
-1.01410139213075
-1.0151149407803
-1.02007308518535
-1.01385502644135
-1.00972541437544
-1.00554754259327
-1.00658796549432
-1.00835930707756
-1.00981050992122
-1.00986381316394
-1.01038432089517
-1.01081307610089
-1.0118093534538
-1.01646352775162
-1.01799111566113
-1.0167837041134
-1.00756924546026
-1.00264053335057
-1.00425391068125
-1.00412025210868
-1.00565548411423
-1.00587293456427
-1.00574071354823
-1.00606661668207
-1.00689117309114
-1.00929499451198
-1.01437585665435
-1.0129335337922
-1.00658774865823
-1.00322813519339
-1.00545356900951
-1.00633672291871
-1.00758747878613
-1.00864057101076
-1.00884894603216
-1.00884395193467
-1.00973668439012
-1.0135260753011
-1.01630625167405
-1.01231858559916
-1.00827906165762
-1.00472194586009
-1.00736162507713
-1.008845065563
-1.01027374576272
-1.01108822993225
-1.01183753965477
-1.01496534879901
-1.01618175042708
-1.01793240083481
-1.01979460535176
-1.01487394167547
-1.00348172828315
-1.00195996315761
-1.00284718149948
-1.00383255295781
-1.00433298294172
-1.00447504628691
-1.0048633043478
-1.00528434719321
-1.00601745995396
-1.00968055918988
-1.01271611278729
-1.00929217890353
-1.00780624668008
-1.00317522628305
-1.00455742216902
-1.00628141402983
-1.00766671734522
-1.00722461244211
-1.00861018326497
-1.00918502180972
-1.00809145178134
-1.01215403546966
-1.01383115202643
-1.01256069156377
-1.00766776078989
-1.00531610786775
-1.00429819888606
-1.00599335864686
-1.00688081695607
-1.00611157423044
-1.00640624980715
-1.00654168701339
-1.00750527260623
-1.01076382637837
-1.01367432627025
-1.01168941846008
-1.00662103812714
-1.00511333508453
-1.00489552812723
-1.00706434753737
-1.00804268462663
-1.00743162962331
-1.00826962669188
-1.01054275121689
-1.01036453945861
-1.01319244516814
-1.01498750758861
-1.01378487653457
-1.00513724567232
-1.00084697515712
-1.00128087358564
-1.00326831447969
-1.00400471590768
-1.00458483221982
-1.00586377474465
-1.00768898299694
-1.00733507164565
-1.010699408734
-1.01491919183086
-1.01213506662905
-1.00514358739338
-0.998817195110725
-1.0008647325349
-1.00183470953069
-1.00391450485751
-1.00424023102689
-1.00553057454779
-1.00629166826331
-1.00735910546981
-1.01037694618092
-1.01359872391159
-1.00844529676114
-1.00396276551446
-1.00144260621931
-1.00282064707459
-1.00396987961068
-1.00559453241838
-1.00685906851212
-1.0090344560415
-1.00832999658451
-1.00954619522621
-1.01302034609434
-1.01488683534978
-1.01475178030742
-1.003049103522
-1.00161205977917
-1.00067830868646
-1.0029953482333
-1.00448179686649
-1.00600620218409
-1.00673964590139
-1.00748203522661
-1.00746625471616
-1.00973920099375
-1.01352724539088
-1.0106270117623
-1.00458177184937
-0.998263987615391
-1.0009667526483
-1.00133147166449
-1.0033606688592
-1.00443732342293
-1.00675869220916
-1.0069938001223
-1.00761547496885
-1.0093085374971
-1.01146162389065
-1.01030851444447
-1.00609724103552
-1.00286200846426
-1.00456701316673
-1.00778106660912
-1.00952237552443
-1.01315945087951
-1.01514225012015
-1.01651762155996
-1.01900247960312
-1.02257933145393
-1.0210682138635
-1.01936085424717
-1.01168074667573
-0.998811490393105
-1.00043001475013
-1.00184229521444
-1.0032651177888
-1.00500880038529
-1.00682796221187
-1.00627057240022
-1.00633110750233
-1.00792600817129
-1.01019585349952
-1.00753217512245
-1.00421813439721
-0.999946880697595
-0.999698303949218
-1.00096912547315
-1.00388425118739
-1.00489829335149
-1.00678553073707
-1.00669907170311
-1.00774727683715
-1.01107446040245
-1.01373865184226
-1.00925533909009
-1.00555600825381
-1.00194963055397
-1.0034051656064
-1.00596491005465
-1.00750379687757
-1.00898269730627
-1.00974861802536
-1.01027101516313
-1.01236094355694
-1.01524765749694
-1.01626853308987
-1.01581383968783
-1.00597050660553
-0.999577500255867
-1.00156188809179
-1.00385684887905
-1.00550700845025
-1.00655811979976
-1.00854971536962
-1.00995712579871
-1.01020028231486
-1.01360891892751
-1.01723743027536
-1.01354670756541
-1.00518270852574
-1.00059782374231
-1.00033787269992
-1.00277903755478
-1.00496673433021
-1.00768751781274
-1.00903227248025
-1.00993716744817
-1.01071170379789
-1.01124436216702
-1.01250088852577
-1.01078041863573
-1.00425871496021
-1.00073058483668
-1.000065001131
-1.00181895990675
-1.0031409502065
-1.00421734942995
-1.00563526219627
-1.00520177996158
-1.00542150526718
-1.00822942529098
-1.01024717883469
-1.00919651540454
-1.00510132131098
-1.00478847623238
-1.00514116268679
-1.00634144780235
-1.00761076788658
-1.00832204993427
-1.00921278711969
-1.01030548193441
-1.01162197682801
-1.01520785013454
-1.01657509256541
-1.01316985004755
-1.00743169213283
-1.00261042911194
-1.00600983539354
-1.0074421527745
-1.00890292292589
-1.00920781456551
-1.00939880560069
-1.01105666704881
-1.01174647118162
-1.0156290859909
-1.01798314366513
-1.01633513072972
-1.00868658304833
-1.00297485811161
-1.00544453827126
-1.00822759136113
-1.00964427489111
-1.00987828623463
-1.01028739986533
-1.01260277628726
-1.01384914711851
-1.01661708279799
-1.02135292175767
-1.0175578936729
-1.00683931284695
-1.00245296456846
-1.00428744022525
-1.00701632228419
-1.00879569734281
-1.01026321811947
-1.01047043307857
-1.01140970637854
-1.01169250671392
-1.01394025526221
-1.01800605946117
-1.01774840106884
-1.0078406385737
-1.00335595486224
-1.0027810649872
-1.00596841884101
-1.00805999447668
-1.0096953344359
-1.01215952555309
-1.01216615391274
-1.01299344659085
-1.01586028114841
-1.01613676610253
-1.0111746139387
-1.00607591751087
-1.00317738969312
-1.00359233541906
-1.00584970079985
-1.00862016620941
-1.01125573099084
-1.01280294790472
-1.01472583138091
-1.01619404346986
-1.01878028755011
-1.02074218905211
-1.01728280514993
-1.00922708371958
-1.00260877630948
-1.00473846881916
-1.00515623558882
-1.00766265257677
-1.00847827001887
-1.00909274494841
-1.00936454234565
-1.01080314586068
-1.01282778495193
-1.01385749576037
-1.01469179164316
-1.00562910831585
-1.0040962930462
-1.00276478689539
-1.00560632849554
-1.00741210738156
-1.00773234371324
-1.00957315500093
-1.00979955978785
-1.01108063715739
-1.01375477555273
-1.01820344221228
-1.01305434928334
-1.00557388424839
-1.00414311361923
-1.00222093433514
-1.00522191422284
-1.00687649984132
-1.00855035423685
-1.01177533086029
-1.01375084440985
-1.01451664363963
-1.01783481450181
-1.01768930148873
-1.01669231690756
-1.00282219241683
-0.999814206568564
-0.998307095787177
-1.00088371380151
-1.00246648068342
-1.00361696550022
-1.00507744038637
-1.00598347385946
-1.00575087856169
-1.00702871101504
-1.00738747341349
-1.00680468109135
-1.00132342489288
-1.00010739120915
-1.00046164527637
-1.00354752430256
-1.00507580428592
-1.00606602773985
-1.00717349100359
-1.00816071934499
-1.00835498527965
-1.01031973944535
-1.01213361277748
-1.01223755562234
-1.0062271601859
-1.00282744558458
-1.00318531930035
-1.00479156868996
-1.0059461436702
-1.00644954118105
-1.00688493856517
-1.00808034058942
-1.00846143639701
-1.01089729909207
-1.01445442287963
-1.00918090100106
-1.00487045917127
-1.00191667200052
-1.00209912627405
-1.00400662993295
-1.00574367935472
-1.00543221345701
-1.00587338594665
-1.00685601663024
-1.00856863393741
-1.00988772657867
-1.01406563203754
-1.00933243099755
-1.00555441121088
-1.00180841644245
-1.00343374304656
-1.00503085928893
-1.00530761085721
-1.00600748339954
-1.00726886181504
-1.00921539064908
-1.00976357001385
-1.01190585712401
-1.01636650062375
-1.0112169321613
-1.00357516707235
-1.00049891640625
-1.0007809393767
-1.0015021863372
-1.00320137683038
-1.00375366989527
-1.00512123249177
-1.00602303653561
-1.00684641954531
-1.0099781632874
-1.01158704505846
-1.00901495307046
-1.00322414100713
-1.00179774760838
-1.0010480135771
-1.00313098683032
-1.00486616827328
-1.00632337231322
-1.00866487963667
-1.00908185691129
-1.01041177558655
-1.01343359563427
-1.01519276473467
-1.0108043695016
-1.00858610141043
-1.0002608100017
-1.00248452170346
-1.00277078938704
-1.00519620671792
-1.00499829528808
-1.00633206984185
-1.00742496637418
-1.00822179417014
-1.01182122894368
-1.01206265026579
-1.00788903778798
-1.00345846126026
-1.00272569174746
-1.00357604702285
-1.00621278193805
-1.00654468818083
-1.00784819686496
-1.01010861570391
-1.01080402634245
-1.01287306541783
-1.01603275080904
-1.01577327008837
-1.01159663644266
-1.00299818621922
-1.00341621351187
-1.00124540742529
-1.00420070276776
-1.00447684032459
-1.00484802360447
-1.00496437120522
-1.00585550851728
-1.00749783485181
-1.01000385480985
-1.01136350681483
-1.00941587076899
-1.00499565419046
-1.00423434445328
-1.00437611306392
-1.00511873813831
-1.00711002253376
-1.00676489219602
-1.00652361462979
-1.00773176912942
-1.00864183487845
-1.01230619903524
-1.01439166151643
-1.01095332200225
-1.00485461888133
-1.00273582181144
-1.00527465078566
-1.00733942061916
-1.00867747906814
-1.00845857539435
-1.01016874733924
-1.01174323309011
-1.01215989915769
-1.01656726683072
-1.01824728545938
-1.01470694580291
-1.00509255493522
-0.999784791384836
-1.00209775875766
-1.00223347655808
-1.00276358597856
-1.00354687222169
-1.0045640699386
-1.00423300709909
-1.0039556395084
-1.00669585751951
