12.7925948559281
12.8847888709699
12.9576481923866
12.9730389485541
12.9521786071781
12.9289008527253
12.9114610997707
12.8974213915001
12.864010324083
12.820484776973
12.7752230005696
12.7691166901666
12.8096521618166
12.8820814466299
12.9445727219629
12.9801064130744
12.9521052459305
12.9154818296991
12.8982978934749
12.8877813251844
12.8527356186379
12.8129594754107
12.7757071664483
12.7778830054737
12.8141946941785
12.8902462892214
12.9684329457656
12.9635970608618
12.9377172094065
12.9092659281489
12.8907260696581
12.8788399949332
12.8443610300508
12.794049888833
12.750530275549
12.734671610756
12.7869402980803
12.8691343865824
12.9441714291225
12.9548009044479
12.9427679111463
12.9246462613122
12.9146014984933
12.8933337401655
12.8647073831437
12.8386969895696
12.8071627066904
12.7960155049742
12.8170502544851
12.8947066459432
12.9748133450369
12.9793952101656
12.9426786605524
12.9239289026705
12.9087503023119
12.884390263598
12.8312441634844
12.7883299687441
12.7415328238793
12.7346597004714
12.7978510153013
12.8899568227415
12.9643741712207
12.9735506939599
12.9285549745152
12.904725563972
12.8880791877527
12.8718048255783
12.8461889694294
12.8265309177708
12.7839903509308
12.7523269303894
12.8170025422632
12.8870112695436
12.9394734755465
12.9494113960307
12.9297282866673
12.8894312016652
12.851820397323
12.8363543826537
12.8149171503979
12.7815292537837
12.7468326656664
12.7200970303284
12.7532604485732
12.8386588740737
12.9343531842505
12.954897746791
12.9119639973691
12.8773199667413
12.8595299298183
12.8403847144642
12.8071860534007
12.7667784277808
12.7369052636341
12.7324984517221
12.7467459692271
12.851269454007
12.9121233912434
12.9395493569525
12.9099501275097
12.8843105491308
12.8724743474852
12.8598924173659
12.8362512425544
12.7914312748287
12.7559180753788
12.7447788717057
12.79015498036
12.8620352390043
12.9605807250947
12.9731949538523
12.9446257172091
12.9329545973519
12.9237623430677
12.9172396503204
12.8946876550989
12.8573163242554
12.8182323408094
12.7892187611181
12.7976328063827
12.8646157162211
12.9459958096512
12.9622538274032
12.9294785328311
12.9135196519137
12.899608491604
12.8852395565698
12.859536761754
12.8273520060303
12.7865580592992
12.7590895479996
12.7930784411592
12.8673809899638
12.926591077234
12.9394170970064
12.9057484472478
12.8795395690564
12.8607811293471
12.8496579327391
12.8108979433728
12.7463335585781
12.7125642632404
12.7116922959872
12.7750703569574
12.8778612150486
12.9810723100269
12.9830212466875
12.9663583549679
12.9448445389147
12.9421561116107
12.9335237731533
12.908097274088
12.8701528326871
12.8282265647759
12.8058550341731
12.8276996835434
12.886792537381
12.9240562343664
12.9712500217916
12.9348481170938
12.9101242687633
12.8959942368406
12.89224523893
12.8570357524706
12.8250605811926
12.8061786962876
12.7826344425241
12.8141495276662
12.8647929772196
12.932412773751
12.95328635902
12.9519212559425
12.926974243527
12.9141621079937
12.917635427178
12.8919636059231
12.8604864559377
12.8228597093777
12.7940647407633
12.8159354261609
12.8800224919968
12.9289007624469
12.947086315198
12.9393993547975
12.9061411675019
12.8976953290548
12.8937239085752
12.8582686996329
12.806695473238
12.7852660516776
12.7752623092187
12.8254117702358
12.8954947396863
12.9754371352776
13.0055118954282
12.9793235853721
12.9487712554306
12.9384065538733
12.9249577400459
12.8888173434079
12.8375766809908
12.8116946741595
12.7890540996095
12.8124902262486
12.8986612044638
12.9861060234473
13.0075291630229
12.9834924163365
12.9594450203154
12.942636939867
12.929281756627
12.8919063743702
12.8530182914084
12.8108577748271
12.7941895736899
12.8358784544895
12.9151765041947
12.9699602482776
12.9882734838863
12.9644876284215
12.9415474118196
12.9175299149431
12.9017727289162
12.8583362335886
12.8294658056871
12.7847872315341
12.7711247862754
12.8099301730667
12.8805017761961
12.9871516106434
12.9911775229728
12.9811056704749
12.9440722697151
12.9279329789837
12.9049476636821
12.8763370635766
12.8365060939864
12.8161367809066
12.8047139682905
12.8335383034423
12.9155766824399
12.991263126948
13.0205802064705
12.9835052264161
12.9623800014077
12.9443964184029
12.9207114931958
12.8758773948333
12.8442192662845
12.8133867405574
12.8007988958067
12.8242781150777
12.8778915588432
12.9430114661475
12.9625573984868
12.9306217500983
12.8880454985616
12.8590632783321
12.8100807146271
12.7683525438653
12.7180217742508
12.659684017383
12.6658052564354
12.7662510829899
12.8684871319732
12.9732296207776
13.0356735080617
12.992776109254
12.954776302012
12.9344036843464
12.9033939935746
12.8665252645849
12.8466774005167
12.8233113903826
12.8142592452262
12.8403605351624
12.9120149737787
12.9705084362863
13.0043376069545
12.9937266939721
12.968661616056
12.9392352402624
12.9147154360707
12.8700192988111
12.8419297570974
12.8025558549591
12.7820061121179
12.8221775299909
12.9026214122313
12.9488216119892
12.9760426945233
12.9465652476554
12.9105931791484
12.8943549016352
12.8729308663912
12.8424907273074
12.8057905577212
12.7532864432296
12.7499127965955
12.8012221590818
12.8757053601676
12.9770816985433
12.9954476829352
12.9628541681427
12.9309954718582
12.9091274308111
12.8896107880406
12.8472667165785
12.8072500285134
12.7714502522065
12.7462951682198
12.7850598534642
12.8825351654697
12.9740271046748
13.0014231513981
12.9834894697948
12.9436747781889
12.911537938109
12.8795060790569
12.8417257350808
12.8038068353097
12.773199309071
12.7848213888016
12.824115469327
12.8978024895682
12.9780853422165
12.9978540970459
12.9881142287764
12.9646132928997
12.9504883620556
12.92951298194
12.8915796166403
12.8720503524369
12.8341477421135
12.8099252541513
12.834618449007
12.889045262184
12.9403859403293
12.9458137610207
12.931851582628
12.9145889829249
12.8970284628922
12.8832274075855
12.8525183460681
12.8069279513617
12.7610371451555
12.7480476560723
12.7860949105348
12.864284958882
12.9417860132125
12.9652091350175
12.9198427913782
12.8939359695946
12.8797966174904
12.8724834584707
12.8470109237186
12.7969449394331
12.754311909578
12.7244898201598
12.7589957931211
12.8401763713
12.9374048674719
12.9653292078039
12.9264430077714
12.8857129339427
12.8719669434901
12.8637341043406
12.8346564860227
12.7748269598985
12.7360027012683
12.7084330663935
12.7495444698923
12.8578228563136
12.9632075438841
12.9720367138194
12.9330001524728
12.8984450393177
12.8720251691503
12.8513369684333
12.8280001504718
12.7893906322448
12.7588725523518
12.7347297729482
12.7546711491007
12.8444359270504
12.9492564792057
12.9702882714943
12.9502437716043
12.9035697610835
12.8762751743856
12.8495820758442
12.8086774960492
12.7752202711781
12.733073857097
12.7280236730412
12.7986564495313
12.8787717809509
12.9391443817562
12.9663229408831
12.9416483789658
12.9011584686214
12.8703695750431
12.8298679664633
12.7927849326671
12.7432137943121
12.6914718681914
12.6886801129201
12.7462564435434
12.8362364190087
12.9215547858671
12.963262812611
12.9359905811795
12.9147326240856
12.8886771501636
12.8756665649162
12.8475349776108
12.8183683463297
12.7682694038074
12.7582614317257
12.7924937400172
12.8497804598273
12.9458423218066
12.9588735935589
12.9463059722471
12.9107435390214
12.8941741734008
12.8790920025417
12.8436521987834
12.8065901226367
12.7627404509555
12.7488150995242
12.7840655474311
12.8718117022396
12.9401811681785
12.9498330798698
12.9490926264982
12.9107579420978
12.894105556931
12.8614810878403
12.8028612614776
12.7559679099249
12.7253165030731
12.7215020450018
12.7990566405161
12.8959786447783
13.0052174021491
13.0355847276574
13.0204757302598
12.9792244718305
12.9621531279806
12.935264426507
12.8973894435893
12.8615368949469
12.8419366841717
12.8431002274564
12.8832244994019
12.9368236849325
13.0013060255738
13.0095559308709
12.9879955776742
12.9493824594052
12.9288252816504
12.9092495871631
12.8790940172378
12.834098050537
12.8030779255366
12.7914649941595
12.8165211517126
12.8865991764117
12.9530631741816
12.973217235804
12.9568135323667
12.9359098473162
12.9166048959253
12.9025735558384
12.8734184740492
12.8318427900182
12.7949256348174
12.7896787966877
12.8187830513574
12.9016017074514
12.9640324083186
12.9793834564955
12.9673228552255
12.9384641981974
12.9174873855166
12.9198542935558
12.8890042236132
12.8463097626336
12.8008583824923
12.7960062292443
12.8221167503881
12.891584454383
12.9524677133068
12.9802409351972
12.952474482069
12.9266975137294
12.9167300860219
12.9030550714441
12.8653029062999
12.8138912360419
12.782532772181
12.7836254534482
12.8123859670496
12.911146012411
12.9785932316286
12.9962897238755
12.9857455412101
12.9672177647357
12.9452664705281
12.9307142733315
12.897772042523
12.8539818973282
12.8147636558599
12.8005315075421
12.8333410395545
12.9021596975133
12.9694993076864
12.9877425479926
12.9751345523211
12.9475217771737
12.9230215462696
12.8985772853721
12.8557237206133
12.8161944424807
12.7709263962182
12.7603006876083
12.799688759266
12.8864284929025
12.949331152283
12.9952495537896
12.9675651911096
12.9456754917492
12.9250110348175
12.9192067683689
12.8824627334878
12.8387499132559
12.8002804108586
12.7910554762913
12.8492217336522
12.9234582973262
12.9675336903346
12.9656975281871
12.9503142927198
12.9180154748177
12.9038676677013
12.8834493630868
12.8376839262566
12.7980318050244
12.7435730684492
12.7354859303068
12.8104707088281
12.9066690346708
12.9765400676384
12.9769658186683
12.9762993665036
12.9398995213189
12.9318806742723
12.927338982144
12.9061872072454
12.8602141972018
12.8180923865783
12.8085641994012
12.8418285138206
12.9060664160816
12.9607349807763
12.9526476281567
12.9527983857327
12.931009886598
12.9133022326163
12.9081814239885
12.8882249879808
12.8385080835793
12.7966890468342
12.7806956130202
12.8150579375195
12.8992624788335
12.9659372980587
12.9733960662509
12.9385828734434
12.9041893470004
12.8931357456374
12.8803389889768
12.8400158412441
12.7929396518833
12.7523204311798
12.7398804427412
12.7903233259233
12.8864612990567
12.9859699347273
13.0035711157505
12.9758257338835
12.9656358003731
12.9602902731514
12.9429017572194
12.9118387387657
12.882787574945
12.8565215741863
12.8275564231427
