13.8042256478919
13.9004432584491
13.9785461197948
13.9954318392355
13.9742534157271
13.949464960745
13.9292049546353
13.9114571847993
13.8752669198173
13.8298739487347
13.7843883878667
13.7780217785801
13.8189423359217
13.8948967472018
13.9625352468597
13.999226495803
13.9715907325706
13.932807116282
13.9135796753648
13.9006095055782
13.863372494412
13.8213284092681
13.7838972693144
13.7855610707746
13.824312748615
13.9042589994792
13.9891991608463
13.9843968868543
13.9575775542078
13.9276462444964
13.9070549473721
13.8920595726356
13.8556568808575
13.8041034569435
13.7598701967473
13.7451810420788
13.800220762734
13.8852830921966
13.9623330024253
13.9727636915467
13.9595358737037
13.9396955997094
13.9283522192801
13.9044260964691
13.8728398887846
13.8436549191448
13.8109308266138
13.8007029281987
13.8252972498217
13.9087465511269
13.9919620567846
13.9980651722906
13.9601419244804
13.9405801648478
13.9234194633869
13.8977356393244
13.8438048334572
13.7995303733578
13.7522112123342
13.7459282046715
13.8099343791235
13.9062290625371
13.9845598666234
13.9944098615398
13.9461633638038
13.9215400006634
13.9038419015167
13.8854287302176
13.8573136930114
13.834009419604
13.7904809621512
13.7591008929587
13.8250126569135
13.8983469604746
13.9550290907703
13.9661389282168
13.9465859456279
13.90493952711
13.8667890804093
13.8498943096496
13.8264606376952
13.7905348693905
13.7547593605187
13.7276424980659
13.7612557459479
13.8509950471709
13.9531576785517
13.9764928686781
13.9318259689062
13.8951501604329
13.8767017146329
13.8557140298461
13.8199393965885
13.7771322766826
13.7471086364243
13.7438804749621
13.7603183701546
13.8711155009151
13.9345422296768
13.963651680137
13.93204826835
13.9037654184378
13.8884814654934
13.8725614628825
13.8470431804031
13.8012058017769
13.764599000667
13.7539535653026
13.8016957634921
13.8766155591745
13.9791555443346
13.9943637668236
13.9637227405278
13.9504326701192
13.939670107499
13.9297464638972
13.9045052072639
13.8650730775675
13.8248653112634
13.7960509022337
13.8060802140942
13.877942609501
13.963361008031
13.9822802906123
13.9488790535728
13.9324946904871
13.9156440500508
13.8981464928187
13.8702230394739
13.8350464789287
13.79378418036
13.7677969180368
13.8035354173784
13.8818101060675
13.9446027746069
13.9603655361233
13.9252828438185
13.8980518445097
13.8772713247498
13.8633144166822
13.8233206835659
13.758146536601
13.7253077321648
13.7233461407245
13.787899503923
13.8946854194444
14.0010957785291
14.0015169133053
13.9836324625324
13.9600222624617
13.9546474378484
13.9426266034438
13.9152358207472
13.8751474170938
13.832310660085
13.8099883876161
13.8336134085985
13.8995890299604
13.9392311467589
13.9913681154176
13.9541945957866
13.9286297374874
13.9123435544395
13.9041415070818
13.86695407587
13.8335415000188
13.8144096998172
13.7900248765791
13.8233871590602
13.8779822116253
13.950331608462
13.9712563414357
13.968660897887
13.942831271055
13.9276878593147
13.9278324664106
13.8994066849528
13.8662873664196
13.827574066198
13.799410256125
13.8239506044106
13.8928830596313
13.9465910498901
13.9666479033767
13.9589671244051
13.9244460197144
13.9141771445146
13.906625877611
13.8696812389633
13.8174602946826
13.7952636277872
13.7848180356501
13.8345682908046
13.9072766437285
13.9941707488706
14.025265455921
13.998093139203
13.9666414977767
13.9544365616712
13.9379001138487
13.9003104932039
13.8485974327666
13.8230951676912
13.8004108164164
13.826417351473
13.9157128939801
14.0073609373976
14.0307298684628
14.0051957887317
13.9792992468788
13.9593853244183
13.9433534784543
13.9041372082358
13.8639649127482
13.8216212528109
13.8051643387581
13.8484561277967
13.9328745440833
13.9896052950982
14.0094680380107
13.9844043432176
13.9611490532934
13.9341935850189
13.9154156624774
13.87142471557
13.8415280270348
13.7957303736195
13.7818752912714
13.8230610411845
13.8962875103073
14.010023803103
14.014755343516
14.0055751059075
13.9667034041775
13.9475591761399
13.9217190438572
13.8905467961058
13.8512639717679
13.8288984755108
13.815223963334
13.8454065508702
13.930423160001
14.0108293881139
14.0439217900191
14.0054316986193
13.9841429761893
13.963133734319
13.9369321989589
13.8914096964842
13.8567802588748
13.8252671508533
13.8126504861398
13.8368794037961
13.8945810278876
13.9642625219122
13.9855016686332
13.9529618763822
13.9095423341113
13.8797200792465
13.8309663083449
13.7884796355169
13.7378613396889
13.6793191735398
13.6851874555515
13.7829759230817
13.8847222503933
13.9939352711597
14.0643669297822
14.0193707628352
13.9810673317557
13.9586560665316
13.9243081823454
13.8839327517732
13.8598207276016
13.8347902927274
13.8260610961216
13.8530766347774
13.9270033833442
13.9878625475984
14.0244118800854
14.0136828956273
13.9882869293241
13.9567358415107
13.9301317864892
13.8844751388705
13.8542351210993
13.8140710441193
13.7935996894646
13.8349397697217
13.9200494958213
13.9701531222794
13.9981861063313
13.9680789150178
13.9307585824764
13.9126915292531
13.8888046238331
13.8556987284097
13.8164094926918
13.7625797662242
13.7616059772692
13.8150466267276
13.8911626684166
13.9992390776251
14.0215361591199
13.9864251413766
13.9540551157706
13.9295814096304
13.9071929259096
13.8630877569647
13.822502598232
13.7864236249115
13.7622699419418
13.8027551342935
13.9017821871455
13.9980479998633
14.0275160971157
14.0102720340677
13.9689457197015
13.9337738257102
13.8989090191562
13.8596830029126
13.8201551751311
13.7885347588274
13.7980338489463
13.8379285427599
13.913887716943
13.9959259391588
14.0172201085798
14.0078548060142
13.9831351009031
13.9669282719062
13.9430379196779
13.9032265619563
13.8806340657894
13.8415229378523
13.8167475536634
13.8433299070504
13.9008295932405
13.9570062122703
13.9651532898022
13.9512901483436
13.933235127972
13.9135267453193
13.8962303246464
13.8636071757303
13.8163986253396
13.7690407298293
13.7573489238575
13.7992945399022
13.8814479237759
13.9635565914694
13.9883371839507
13.9420870398785
13.9143473614127
13.8978356610578
13.8864000423756
13.8580471485407
13.8062468555017
13.7626085945448
13.7336117664308
13.7711796942111
13.8559896538901
13.9592369533321
13.9877646285968
13.9473452130289
13.9053234398768
13.8889436684055
13.8784635329698
13.8468386992438
13.7864103892169
13.7488876632813
13.7236471145912
13.7641437116305
13.8752509858201
13.9861358363443
13.9970102439298
13.9572548761194
13.9212301010381
13.8933379290814
13.8704032931386
13.8435877646318
13.8028257877637
13.7712633822851
13.7484710375033
13.7690061042296
13.8609793902069
13.9709362494356
13.9943325824638
13.9751212991374
13.9269625675298
13.8982482012735
13.8688999920823
13.8262930408902
13.7905534400259
13.74733691898
13.7415708202493
13.8116540665619
13.8968724238751
13.960976872941
13.9900283010753
13.9649324914535
13.9229404744629
13.8907154419749
13.8484994436058
13.8095578691362
13.7587118543687
13.7060756216742
13.701717363648
13.7600139468614
13.8538299201252
13.9434314644527
13.9876810254231
13.9591064015768
13.9364864258147
13.9075183453978
13.8915610411307
13.8600854661229
13.8283048035807
13.7777477154228
13.7676009196311
13.8039727647442
13.8654303745694
13.9677779004694
13.981929686112
13.9695432577871
13.9324204485556
13.9131167272374
13.8941421287522
13.8570689440119
13.818891839186
13.7742971552943
13.7612495447979
13.7975158952092
13.8903203725919
13.9624767038859
13.9754224456795
13.9758701329501
13.9361623952798
13.9174025426308
13.8820355054564
13.8231475471846
13.7759006145016
13.7450814944345
13.7399253612167
13.8151720265349
13.9118840091975
14.0266900039026
14.058647118321
14.0426712823809
13.9989207500589
13.9794644539437
13.9502414897981
13.910580010084
13.8719518097273
13.8513341808857
13.85049125459
13.8909270968474
13.9482052834823
14.0163450047539
14.0262746441774
14.0040340065852
13.9661290436178
13.9447337658457
13.9216443343188
13.8897301386881
13.8429354792941
13.8106919025027
13.7986815713322
13.8250011431775
13.8989815706615
13.9697607378605
13.9929415448608
13.9748993916829
13.954122880565
13.9332627756528
13.915765350672
13.8842480478423
13.8424801649978
13.8047479021334
13.7987710348198
13.8298937111284
13.917512265512
13.9826603701425
14.0000699696478
13.987377015981
13.9575059405605
13.9345452439042
13.9337933972512
13.9007697901252
13.8565704095438
13.811033577811
13.8074804848677
13.8351510543011
13.9107606981379
13.9735278735
14.0028282199206
13.9737633718505
13.9468660714056
13.9347833901016
13.917721172432
13.8789047706859
13.8270113621564
13.7973768899514
13.797913812052
13.8268833582155
13.929208374955
14.0000388271971
14.0196019457295
14.0075866918123
13.988037655999
13.9640545787473
13.9457064072282
13.9112695054935
13.8667809031074
13.826994808735
13.8127298407816
13.8454345646855
13.9181769575481
13.9904410243461
14.0091672981745
13.9966572247332
13.9680801930122
13.9413425308282
13.9143538811414
13.8700631029037
13.8287927763658
13.7825590807043
13.7719457706288
13.8128202289704
13.9041151146504
13.9703359717991
14.0204819184199
13.9900387866872
13.967345700387
13.943565553555
13.9338172905467
13.8952574409445
13.8499041819609
13.8089290735941
13.7996187076439
13.8597204593399
13.9368960268488
13.985969105374
13.9856233274183
13.9689989115052
13.9354959398922
13.9191849520409
13.8968178482193
13.8503570437692
13.8093351142249
13.7546577625021
13.7475273850684
13.8229632773634
13.9212531034685
13.9950461193663
13.995540515576
13.9958729210334
13.9579197488045
13.9472395070107
13.9388374951353
13.9145777493558
13.8670871528129
13.8239524398237
13.8142305645614
13.8485675935108
13.9161111345795
13.9763108345016
13.9693450190944
13.9696140350735
13.9467716389232
13.9273825926389
13.9198333113095
13.8969328701371
13.8461229249956
13.8041182345731
13.7876826989683
13.8237319832228
13.912878579139
13.9829119423701
13.9904085472719
13.9547716649494
13.9193771819645
13.9065979789829
13.8920801510596
13.851022191438
13.8029742873068
13.7636468155327
13.7514025133268
13.8043885054129
13.9035547464046
14.0075340973594
14.0265942884981
13.9953433502084
13.983426086647
13.975295082732
13.9548936179065
13.9221241764252
13.8909899733934
13.8621550212584
13.832159499773
